Job started at Thu Nov 20 12:07:20 AM MST 2025
Selected hidden_dim = 512 (from job_idx 34)
Model loaded from /glade/derecho/scratch/tsatoperry/GAD/models/mse/weights/mnist_hidden_dim512_epochs2000.pth
Model architecture: input_dim=784, hidden_dim=512, output_dim=10
Device: cpu
Batch 1/39.0
Batch 2/39.0
Batch 3/39.0
Batch 4/39.0
Batch 5/39.0
Batch 6/39.0
Batch 7/39.0
Batch 8/39.0
Batch 9/39.0
Batch 10/39.0
Batch 11/39.0
Batch 12/39.0
Batch 13/39.0
Batch 14/39.0
Batch 15/39.0
Batch 16/39.0
Batch 17/39.0
Batch 18/39.0
Batch 19/39.0
Batch 20/39.0
Batch 21/39.0
Batch 22/39.0
Batch 23/39.0
Batch 24/39.0
Batch 25/39.0
Batch 26/39.0
Batch 27/39.0
Batch 28/39.0
Batch 29/39.0
Batch 30/39.0
Batch 31/39.0
Batch 32/39.0
Batch 33/39.0
Batch 34/39.0
Batch 35/39.0
Batch 36/39.0
Batch 37/39.0
Batch 38/39.0
Batch 39/39.0
Batch 40/39.0
Singular values:
tensor([554.6607, 227.3339, 204.8243, 194.1742, 169.0155, 164.7728, 152.8581,
        137.5339, 127.8451, 121.9587, 114.3786, 106.3879, 102.9726, 101.6859,
         98.4900,  91.5557,  89.3257,  85.5033,  83.1299,  79.3980,  76.4916,
         76.0875,  73.6811,  72.1353,  68.4347,  66.9876,  66.9383,  64.6507,
         62.2329,  61.5293,  58.9240,  58.3987,  56.6306,  55.5706,  55.1018,
         54.2752,  53.7584,  52.2664,  52.0967,  50.8534,  49.8196,  49.1499,
         48.3755,  46.8975,  46.6069,  46.0578,  45.8096,  44.9863,  44.6847,
         44.4666,  43.3744,  43.0419,  42.5743,  42.2626,  40.7509,  40.5488,
         40.3700,  40.1153,  39.7886,  39.4484,  38.8529,  38.6203,  38.0394,
         37.5623,  37.1442,  36.9448,  36.5687,  36.2938,  35.8355,  35.4974,
         35.3505,  34.8364,  34.7595,  34.4766,  34.0030,  33.7651,  33.5935,
         33.2239,  32.7221,  32.6175,  32.2722,  31.9541,  31.4445,  31.3571,
         31.2700,  31.0776,  30.6747,  30.5310,  30.4390,  29.9329,  29.8192,
         29.5994,  29.4803,  29.0111,  28.9346,  28.8393,  28.7593,  28.5480,
         28.5066,  28.2901,  28.1627,  27.9714,  27.8579,  27.7471,  27.6055,
         27.2449,  27.1039,  27.0637,  27.0146,  26.6998,  26.4770,  26.2377,
         26.0733,  25.9591,  25.9216,  25.7486,  25.6005,  25.5062,  25.4041,
         25.2016,  25.1731,  25.0013,  24.9523,  24.7714,  24.5866,  24.4742,
         24.3436,  24.3033,  24.1453,  24.0491,  23.9661,  23.9155,  23.7362,
         23.6574,  23.4547,  23.4171,  23.3621,  23.1776,  23.0950,  23.0496,
         23.0145,  22.9555,  22.8085,  22.7037,  22.5917,  22.5406,  22.3912,
         22.2414,  22.1901,  22.1155,  22.0923,  22.0456,  21.8982,  21.8174,
         21.7577,  21.6312,  21.4931,  21.4432,  21.4171,  21.3328,  21.2483,
         21.1623,  21.1390,  21.0248,  20.9408,  20.8451,  20.7885,  20.7443,
         20.6149,  20.5715,  20.5591,  20.4687,  20.3759,  20.3499,  20.2447,
         20.0902,  20.0739,  20.0320,  19.9580,  19.8184,  19.7826,  19.7624,
         19.6788,  19.6576,  19.5524,  19.5098,  19.4739,  19.4029,  19.2937,
         19.2114,  19.1791,  19.0654,  19.0558,  19.0332,  18.9621,  18.9484,
         18.8478,  18.8212,  18.6958,  18.6609,  18.6329,  18.5498,  18.4946,
         18.4710,  18.3779,  18.3118,  18.2964,  18.2351,  18.1217,  18.1113,
         18.0917,  18.0081,  17.9709,  17.8885,  17.8666,  17.8140,  17.8014,
         17.7310,  17.6717,  17.6225,  17.5662,  17.5197,  17.4378,  17.4307,
         17.4101,  17.3110,  17.2917,  17.2509,  17.2197,  17.1741,  17.1248,
         17.0715,  16.9835,  16.9708,  16.9147,  16.8897,  16.8558,  16.8386,
         16.7856,  16.7644,  16.7227,  16.6779,  16.6344,  16.5578,  16.5158,
         16.4766,  16.4364,  16.3992,  16.3548,  16.3069,  16.2894,  16.2023,
         16.1776,  16.1475,  16.0685,  16.0496,  16.0197,  15.9762,  15.9607,
         15.9358,  15.8960,  15.8421,  15.7875,  15.7415,  15.7349,  15.7208,
         15.6473,  15.5744,  15.5542,  15.5297,  15.4914,  15.4458,  15.3897,
         15.3755,  15.3489,  15.3266,  15.2704,  15.2006,  15.1988,  15.1769,
         15.1354,  15.1001,  15.0469,  15.0397,  15.0023,  14.9445,  14.9312,
         14.9073,  14.8927,  14.8151,  14.7944,  14.7603,  14.7347,  14.6866,
         14.6755,  14.6553,  14.6157,  14.5830,  14.5706,  14.5136,  14.4760,
         14.4516,  14.4176,  14.3917,  14.3259,  14.3077,  14.2858,  14.2728,
         14.2256,  14.2052,  14.1994,  14.1503,  14.0977,  14.0832,  14.0181,
         14.0103,  13.9910,  13.9496,  13.8947,  13.8855,  13.8636,  13.8405,
         13.8216,  13.7837,  13.7666,  13.7549,  13.7228,  13.6798,  13.6735,
         13.6342,  13.6080,  13.5896,  13.5786,  13.5435,  13.5150,  13.5143,
         13.4766,  13.4386,  13.4163,  13.3605,  13.3466,  13.3409,  13.2782,
         13.2661,  13.2296,  13.1948,  13.1717,  13.1231,  13.1053,  13.0851,
         13.0596,  13.0382,  13.0211,  12.9808,  12.9544,  12.9179,  12.8909,
         12.8617,  12.8532,  12.8116,  12.7949,  12.7690,  12.7536,  12.7053,
         12.6532,  12.6333,  12.6116,  12.5932,  12.5799,  12.5414,  12.4975,
         12.4904,  12.4547,  12.4377,  12.4271,  12.3954,  12.3587,  12.3521,
         12.3122,  12.2947,  12.2409,  12.2164,  12.2144,  12.1721,  12.1514,
         12.1452,  12.1055,  12.0920,  12.0716,  12.0378,  12.0050,  11.9719,
         11.9511,  11.9186,  11.9123,  11.8918,  11.8436,  11.8149,  11.7846,
         11.7588,  11.7513,  11.7257,  11.6989,  11.6841,  11.6644,  11.6316,
         11.6089,  11.6014,  11.5646,  11.5567,  11.5036,  11.4994,  11.4679,
         11.4386,  11.4159,  11.3985,  11.3698,  11.3604,  11.3511,  11.3195,
         11.2424,  11.2101,  11.2100,  11.1659,  11.1389,  11.1131,  11.0876,
         11.0475,  11.0331,  11.0216,  11.0054,  10.9798,  10.9670,  10.9388,
         10.9162,  10.8499,  10.8099,  10.8090,  10.7914,  10.7702,  10.7536,
         10.7419,  10.7323,  10.6844,  10.6553,  10.5997,  10.5876,  10.5745,
         10.5344,  10.5123,  10.4628,  10.4477,  10.4316,  10.4001,  10.3733,
         10.3373,  10.3253,  10.3038,  10.2952,  10.2561,  10.2311,  10.1987,
         10.1862,  10.1604,  10.1390,  10.1062,  10.0758,  10.0695,  10.0063,
          9.9835,   9.9698,   9.9454,   9.9237,   9.8781,   9.8419,   9.8333,
          9.8005,   9.7625,   9.7406,   9.7268,   9.6424,   9.6303,   9.5963,
          9.5594,   9.5129,   9.4744,   9.4376,   9.3838,   9.3732,   9.3211,
          9.2922,   9.2444,   9.1938,   9.1434,   9.1250,   9.0974,   9.0331,
          8.9719,   8.9206,   8.8147,   8.7867,   8.7525,   8.6470,   8.5608,
          8.3490,   8.2424,   8.1656,   7.9660,   7.8947,   7.4091,   7.3040,
          7.1988])
Singular values saved to /glade/derecho/scratch/tsatoperry/GAD/models/mse/singular_values/hidden_dim512_sv.pt
Job ended at Thu Nov 20 12:07:25 AM MST 2025
